// Mixed material created by MixXS.m
// fCR = 0.06700000  (CR fraction)

numberOfGroups 7; 

capture ( 5.91289860E-04	 6.30992413E-04	 5.90850346E-03	 2.77329996E-02	 4.99869885E-02	 7.08492534E-02	 1.00634906E-01);

scatteringMultiplicity ( 
1.0 1.0 1.0 1.0 1.0 1.0 1.0 
1.0 1.0 1.0 1.0 1.0 1.0 1.0 
1.0 1.0 1.0 1.0 1.0 1.0 1.0 
1.0 1.0 1.0 1.0 1.0 1.0 1.0 
1.0 1.0 1.0 1.0 1.0 1.0 1.0 
1.0 1.0 1.0 1.0 1.0 1.0 1.0 
1.0 1.0 1.0 1.0 1.0 1.0 1.0 
);

P0 ( 
 7.31605057E-02	 5.80871904E-02	 2.70946809E-04	 1.37279426E-06	 1.92589860E-08	 0.00000000E+00	 0.00000000E+00	
 0.00000000E+00	 2.55832091E-01	 4.89677822E-02	 2.33156726E-04	 1.79499870E-05	 2.78733750E-06	 3.93166200E-07	
 0.00000000E+00	 0.00000000E+00	 2.24740654E-01	 8.62546498E-02	 6.47931180E-03	 1.00791990E-03	 1.91890110E-04	
 0.00000000E+00	 0.00000000E+00	 0.00000000E+00	 1.11808460E-01	 1.58838450E-01	 2.41469730E-02	 4.59941010E-03	
 0.00000000E+00	 0.00000000E+00	 0.00000000E+00	 3.92239544E-05	 1.06979954E-01	 1.93190666E-01	 2.28379742E-02	
 0.00000000E+00	 0.00000000E+00	 0.00000000E+00	 0.00000000E+00	 9.24429670E-04	 3.09106900E-01	 2.23090854E-01	
 0.00000000E+00 0.00000000E+00 0.00000000E+00 0.00000000E+00 0.00000000E+00 4.66924748E-02 1.06960496E+00
); 

velocity ( 2.23517E+09 4.98880E+08 3.84974E+07 5.12639E+06 1.67542E+06 7.26031E+05 2.81629E+05);
