// This XSS are from the C5G7 Benchamrk Problem 
// Source: OECD-NEA 
//        ‘Benchmark specification for deterministic 2D/3D MOX
//         fuel assembly transport calculations without spatial
//         homogenisation (C5G7 MOX)’
//

numberOfGroups 7; 

capture (1.7049E-03	8.36224E-03	8.37901E-02	3.97797E-01	6.98763E-01	9.29508E-01	1.17836);

//capture ( 1.108110E-03	 4.219021E-03	 4.205291E-02	 1.994776E-01	 3.510803E-01	 4.693479E-01	 6.008010E-01);
 
scatteringMultiplicity ( 
1.0 1.0 1.0 1.0 1.0 1.0 1.0 
1.0 1.0 1.0 1.0 1.0 1.0 1.0 
1.0 1.0 1.0 1.0 1.0 1.0 1.0 
1.0 1.0 1.0 1.0 1.0 1.0 1.0 
1.0 1.0 1.0 1.0 1.0 1.0 1.0 
1.0 1.0 1.0 1.0 1.0 1.0 1.0 
1.0 1.0 1.0 1.0 1.0 1.0 1.0 
); 

P0 ( 
1.70563E-01	    4.44012E-02	    9.83670E-05	    1.27786E-07	    0.0	            0.000000E+00	0.000000E+00
0.000000E+00	4.71050E-01	    6.85480E-04	    3.91395E-10	    0.0	            0.0	            0.0
0.000000E+00	0.000000E+00	8.01859E-01	    7.20132E-04	    0.0	            0.0	            0.0
0.000000E+00	0.000000E+00	0.000000E+00	5.70752E-01	    1.46015E-03	    0.0	            0.0
0.000000E+00	0.000000E+00	0.000000E+00	6.55562E-05	    2.07838E-01	    3.81486E-03	    3.69760E-09
0.000000E+00	0.000000E+00	0.000000E+00	0.000000E+00	1.02427E-03	    2.02465E-01	    4.75290E-03
0.000000E+00	0.000000E+00	0.000000E+00	0.000000E+00	0.000000E+00	3.53043E-03	    6.58597E-01
); 



velocity ( 2.23517E+09 4.98880E+08 3.84974E+07 5.12639E+06 1.67542E+06 7.26031E+05 2.81629E+05);
