// This XSS are from the C5G7 Benchamrk Problem 
// Source: OECD-NEA 
//        ‘Benchmark specification for deterministic 2D/3D MOX
//         fuel assembly transport calculations without spatial
//         homogenisation (C5G7 MOX)’
//

numberOfGroups 7; 

capture (6.010500E-07	1.579300E-08	3.371600E-07	1.940600E-06	5.741600E-06	1.500100E-05	3.723900E-05);
 
scatteringMultiplicity ( 
1.0 1.0 1.0 1.0 1.0 1.0 1.0 
1.0 1.0 1.0 1.0 1.0 1.0 1.0 
1.0 1.0 1.0 1.0 1.0 1.0 1.0 
1.0 1.0 1.0 1.0 1.0 1.0 1.0 
1.0 1.0 1.0 1.0 1.0 1.0 1.0 
1.0 1.0 1.0 1.0 1.0 1.0 1.0 
1.0 1.0 1.0 1.0 1.0 1.0 1.0 
); 

P0 ( 
4.447770E-05	1.134000E-04	7.234700E-07	3.749900E-09	5.318400E-11	0.000000E+00	0.000000E+00
0.000000E+00	2.823340E-04	1.299400E-04	6.234000E-07	4.800200E-08	7.448600E-09	1.045500E-09
0.000000E+00	0.000000E+00	3.452560E-04	2.245700E-04	1.699900E-05	2.644300E-06	5.034400E-07
0.000000E+00	0.000000E+00	0.000000E+00	9.102840E-05	4.155100E-04	6.373200E-05	1.213900E-05
0.000000E+00	0.000000E+00	0.000000E+00	7.143700E-08	1.391380E-04	5.118200E-04	6.122900E-05
0.000000E+00	0.000000E+00	0.000000E+00	0.000000E+00	2.215700E-06	6.999130E-04	5.373200E-04
0.000000E+00	0.000000E+00	0.000000E+00	0.000000E+00	0.000000E+00	1.324400E-04	2.480700E-03
); 

velocity ( 2.23517E+09 4.98880E+08 3.84974E+07 5.12639E+06 1.67542E+06 7.26031E+05 2.81629E+05);
